231
seq0       0.0000000 0.1502443 0.2398618 0.2442746 0.2471071 0.1632145 0.1455039 0.2775215 0.2588382 0.1757468 0.1722146 0.1550680 0.1617222 0.2385414 0.1837532 0.1995546 0.1168075 0.1856041 0.1914717 0.3489005 0.1761456 0.1541305 0.3028153 0.1681887 0.2835953 0.2292997 0.2446438 0.2978026 0.1694599 0.1507595 0.2024164 0.1431429 0.1491942 0.1496879 0.2284056 0.2378648 0.1953893 0.1485610 0.1500706 0.2854912 0.1786251 0.2739178 0.1534177 0.1986241 0.3057214 0.2361000 0.1528106 0.2488420 0.1883299 0.1751719 0.1502713 0.2949033 0.2216980 0.1752214 0.1794064 0.1863523 0.1541863 0.1830272 0.1756891 0.2011558 0.2311498 0.1984401 0.2513238 0.2100584 0.1947683 0.2803937 0.1716602 0.6190363 0.6436863 0.8900745 0.6355089 0.8618434 0.6694540 0.5500502 0.5709572 0.6694674 0.5744926 1.0721938 0.5546649 0.4948277 0.5129940 0.9268413 0.5367741 0.6553089 0.6835032 0.5905910 0.5422058 0.5765970 0.6087905 0.7185818 0.7256194 0.7111748 0.7321798 0.5635859 0.5821770 0.5762484 0.5303351 0.5394191 0.6307387 0.5523460 0.6163434 0.6963222 0.6419794 0.5411633 0.5951601 0.5605853 0.6144415 0.5768879 0.5770236 0.7069891 0.8707346 0.5355067 0.5773004 0.4571766 0.4638366 0.8174516 1.3415970 0.6561797 0.7650056 0.4837412 0.4986883 0.5452344 0.5920647 0.6022244 0.5263958 0.5791242 0.8518534 0.5437853 0.7118967 0.8306623 1.0312841 0.5310729 0.5913431 0.6331492 0.5734825 0.5726504 0.6033931 0.6225244 0.6013810 0.6178910 0.6772559 0.5840831 0.6088256 1.1981877 0.6062345 0.5857247 0.5880312 0.7114448 0.5382527 0.6124525 0.6022233 0.5924666 0.5953883 0.5316158 0.5400741 0.5768795 0.6450591 0.5370629 0.6151930 0.5035887 0.5474765 0.6716407 0.4919888 0.5993313 0.8523280 0.4811409 0.5534436 0.8235286 0.6411842 0.5776492 0.6244893 0.6462125 0.5804695 0.5306626 0.5565998 0.5152735 0.5019017 0.6035417 0.8606295 0.5910420 0.6066342 0.5941281 0.5951892 0.5415757 0.6621475 0.5855836 0.6195911 0.5606185 0.5068238 0.5936978 0.6319734 1.5492801 1.7217159 1.7885602 1.5138413 1.7284120 1.8952530 1.4990282 2.2464552 1.8392902 1.9037011 2.5748469 1.9967439 2.0129347 1.6008133 1.9467531 1.4608528 2.0724727 1.9510160 1.9444938 1.4087743 1.8066902 2.2562576 1.7171530 2.0287223 2.2228432 1.9099449 1.9338366 1.6310754 1.6585520 1.4154347 1.8235886 2.0268898 1.4043696 1.9024537 1.6667660 2.3845018 1.9087187 1.6283787 2.4379275 2.5863466
seq1       0.1502443 0.0000000 0.2015992 0.1926692 0.1931172 0.1084154 0.0056347 0.2394093 0.2246554 0.1162738 0.1161872 0.1012572 0.0590996 0.2082237 0.1574829 0.1238090 0.2898093 0.1487780 0.1299342 0.2836409 0.1256464 0.0347406 0.2552658 0.1161952 0.2078270 0.1690578 0.1678394 0.2583599 0.1082537 0.0318086 0.1610845 0.0056142 0.0256968 0.0028056 0.1916499 0.1871612 0.1769273 0.0344189 0.1227179 0.2408944 0.1463172 0.1904309 0.0562108 0.1575295 0.2649688 0.1752023 0.0170520 0.2268219 0.1397723 0.1420875 0.0317160 0.2679818 0.1625743 0.1253188 0.1234277 0.1236537 0.1226989 0.1421758 0.1334998 0.1639076 0.1694537 0.1611516 0.2292769 0.1938772 0.1504394 0.2246739 0.1424472 0.6311418 0.6330445 0.8511913 0.6359736 0.8341912 0.6619553 0.5706241 0.5889134 0.6404473 0.5619418 1.1234909 0.5751827 0.4869431 0.5223048 0.9361951 0.5093683 0.6180957 0.6286286 0.6039415 0.5399330 0.5585164 0.5731380 0.7659267 0.7200370 0.7233773 0.7588545 0.5943311 0.5773331 0.5745669 0.5036904 0.5206973 0.6320887 0.5359713 0.6026834 0.6765464 0.6428626 0.5482368 0.5603825 0.5366430 0.5519378 0.4995075 0.5620130 0.7338239 0.8951497 0.4825608 0.5681833 0.4687275 0.4939039 0.7807121 1.3591624 0.6431245 0.7962181 0.4791534 0.5031202 0.5466083 0.5683222 0.5745343 0.5393377 0.5726411 0.8740408 0.5279936 0.6918871 0.8129549 1.0034123 0.5153459 0.5556376 0.6079055 0.5277412 0.5736821 0.5869449 0.6260003 0.6372207 0.6268238 0.6992017 0.5783955 0.6089523 1.3007227 0.5986575 0.6006235 0.5333894 0.7200752 0.5160163 0.6144258 0.6025185 0.6724126 0.5970708 0.5334510 0.5186990 0.5568818 0.6335328 0.5063850 0.5958820 0.5013051 0.5232925 0.6438377 0.4901382 0.6158465 0.7968568 0.4853430 0.5374835 0.8068062 0.6235357 0.5956345 0.5992465 0.6560337 0.5941039 0.5397910 0.5616684 0.5139172 0.4952744 0.5809700 0.8008323 0.6262734 0.6062836 0.5788203 0.5803617 0.5938680 0.6703602 0.5771647 0.5872687 0.5200695 0.5046433 0.6057787 0.6392609 1.5748238 1.7370099 1.8928333 1.5298958 1.7179032 1.9503373 1.5894445 2.1915958 1.8581745 1.9688311 2.7684937 2.1599041 2.0788263 1.7446513 2.0061627 1.4388629 2.1192518 1.9942138 2.0054761 1.4311760 1.7692156 2.2645781 1.7592447 2.0473458 2.4051832 1.8775590 1.9907428 1.7183913 1.6398550 1.5163145 1.8749891 1.9649309 1.4565663 1.9759387 1.6973093 2.3156179 1.8070952 1.6944950 2.5330999 2.5664799
seq2       0.2398618 0.2015992 0.0000000 0.2045113 0.2049868 0.1929950 0.2010913 0.2644152 0.3198422 0.2094895 0.1992449 0.1898565 0.1943057 0.3022155 0.2451676 0.2481726 0.3939171 0.2587824 0.2360960 0.3886418 0.2148997 0.2157551 0.1898523 0.2012348 0.2747694 0.1885875 0.2500976 0.3214459 0.2001684 0.2114946 0.2590560 0.2020340 0.2026901 0.2017329 0.2319261 0.2360406 0.2558907 0.2136620 0.1958530 0.3512732 0.2331633 0.2868840 0.1994906 0.2659415 0.2916950 0.2971070 0.2107841 0.2825856 0.2582549 0.2320484 0.2115627 0.2031512 0.1975729 0.2190603 0.2146570 0.2244090 0.1958281 0.2184472 0.2350909 0.2315706 0.2257568 0.2552290 0.1342696 0.2403858 0.2553033 0.3476159 0.2408297 0.6206588 0.6648711 0.9124972 0.6111056 0.8116428 0.6852687 0.5902271 0.6286571 0.6678732 0.5452140 1.0433749 0.5537919 0.5145525 0.5395588 0.9961312 0.4923674 0.5891168 0.6666851 0.6340099 0.4919433 0.5715774 0.5903906 0.6820774 0.6530503 0.6704956 0.7949721 0.6056923 0.5962786 0.6077382 0.5288294 0.5031268 0.6380635 0.5301069 0.5920821 0.7129453 0.6386741 0.5371738 0.5580496 0.5508232 0.5633226 0.5349609 0.5334222 0.7847802 0.8273996 0.5027129 0.5835136 0.4871815 0.4775824 0.7649122 1.3921621 0.6582699 0.7063185 0.5072693 0.5130975 0.5476399 0.5940090 0.6191293 0.5450010 0.5653189 0.8501512 0.5496933 0.7075017 0.7619470 1.0921714 0.5028799 0.5726600 0.6908202 0.5593490 0.6162671 0.5983386 0.6245606 0.6397452 0.6239694 0.7040568 0.5977925 0.6637139 1.2044583 0.5773451 0.5459240 0.5655839 0.6598855 0.5522557 0.6538104 0.6050174 0.6743131 0.6511582 0.5020235 0.5683990 0.5690061 0.6123590 0.5513141 0.6761200 0.4997323 0.4816243 0.6881746 0.5216464 0.5694241 0.8145661 0.4913571 0.5812911 0.7582507 0.6855333 0.6120963 0.6293226 0.6972605 0.6229176 0.5388946 0.5778860 0.5041238 0.4948419 0.6433484 0.7945307 0.6366716 0.5493569 0.6200522 0.6246469 0.5329842 0.7149381 0.6152605 0.6434493 0.5303570 0.4961178 0.6058252 0.6341720 1.4748960 1.6940259 1.8025266 1.4886023 1.7032235 1.9279018 1.5571927 1.9587449 1.8371627 1.9591448 2.4680506 2.0482151 1.9708831 1.5624034 1.9027443 1.4946486 2.0380248 1.8533840 1.9492538 1.5630677 1.6902691 2.1483305 1.7285075 1.9006824 2.2142139 1.8474481 1.8684734 1.6033290 1.5936268 1.3906112 1.8217947 1.9702647 1.3740274 1.9000881 1.7453460 2.2526303 1.7274510 1.5960386 2.5817380 2.5594059
seq3       0.2442746 0.1926692 0.2045113 0.0000000 0.0086428 0.1870623 0.1971268 0.2654603 0.2417074 0.1555818 0.1966502 0.1801669 0.2066099 0.2308944 0.2090418 0.2132113 0.4098402 0.2152343 0.2055528 0.3714463 0.1974155 0.2043306 0.2368210 0.1950633 0.2393038 0.0575424 0.2233756 0.2639328 0.1600572 0.2000929 0.2163582 0.1892720 0.1993414 0.1931721 0.0771928 0.1000607 0.2355762 0.2030045 0.1797966 0.3059404 0.1934234 0.2565892 0.2160317 0.2192402 0.2182733 0.2734972 0.2070258 0.2479788 0.2290456 0.2050847 0.2000929 0.2494049 0.1708834 0.1994848 0.1691557 0.2142028 0.1800953 0.2115210 0.2330085 0.2113135 0.1860008 0.2279692 0.2233228 0.2191780 0.2339016 0.3110424 0.2137347 0.5796264 0.5821547 0.8353439 0.5999218 0.7301947 0.6210120 0.5642593 0.5519747 0.5985234 0.5274477 1.0298070 0.5330871 0.5183924 0.5687003 0.9754016 0.4411497 0.5771087 0.5977169 0.5695824 0.4542696 0.5011344 0.5262325 0.7119814 0.5857510 0.6644312 0.8150683 0.6541961 0.5213765 0.6312519 0.4644285 0.4488238 0.5850563 0.5233541 0.5313764 0.7550977 0.6770104 0.5450489 0.5095663 0.5276096 0.5020844 0.4986884 0.4962160 0.7100747 0.8186368 0.4468681 0.5461230 0.4413848 0.4473290 0.8186613 1.3894839 0.6027191 0.6957390 0.5280729 0.5393369 0.4887821 0.5234997 0.5516791 0.5004370 0.4735999 0.8927847 0.4588635 0.6794802 0.7451085 1.1410465 0.4424170 0.5426005 0.6083080 0.4846311 0.5611694 0.5479205 0.5956646 0.6060629 0.5737333 0.6332964 0.6064821 0.5896880 1.2619299 0.5831652 0.5522323 0.5409171 0.6528165 0.4898531 0.5714765 0.5296634 0.6337692 0.5693087 0.4621963 0.5162954 0.4887620 0.5580557 0.5176524 0.5904408 0.4698044 0.3962142 0.6130584 0.4873611 0.5637710 0.6958824 0.5253927 0.5347146 0.7305971 0.5618145 0.5500859 0.5841098 0.6423379 0.5461494 0.5729992 0.5828020 0.4870777 0.4916140 0.5658263 0.7872554 0.6421895 0.5448806 0.5657630 0.5596507 0.5430040 0.6485306 0.5503523 0.5731092 0.4667896 0.5182879 0.5940427 0.5926100 1.4777064 1.7925019 1.7394938 1.5689267 1.7375274 1.8557613 1.5411254 2.0379830 1.9521568 1.9316119 2.7008813 2.0103397 2.0027675 1.6464596 1.9328699 1.4958702 2.0948284 1.9525261 2.1223965 1.5206636 1.6838420 2.1512582 1.8336667 2.0236480 2.3382417 1.8411907 1.8105397 1.5721315 1.4777144 1.4559868 1.9526894 2.0309607 1.4507869 1.8004474 1.7598612 2.2664055 1.7678528 1.6529291 2.3135922 2.6731887
seq4       0.2471071 0.1931172 0.2049868 0.0086428 0.0000000 0.1875055 0.1975836 0.2660392 0.2397108 0.1521801 0.1971126 0.1806007 0.2070796 0.2290209 0.2123926 0.2159620 0.4128552 0.2188505 0.2060579 0.3722981 0.1978806 0.2048002 0.2482399 0.1955275 0.2398846 0.0639906 0.2239727 0.2697471 0.1566336 0.2005550 0.2199674 0.1897151 0.1998008 0.1936218 0.0799829 0.0994199 0.2390403 0.2034694 0.1802282 0.3098910 0.1967636 0.2522851 0.2165192 0.2226765 0.2187708 0.2740868 0.2074973 0.2485381 0.2295610 0.2084354 0.2005550 0.2458035 0.1712922 0.1999520 0.1656824 0.2147032 0.1805282 0.2120154 0.2335654 0.2077933 0.1864766 0.2314161 0.2238310 0.2184728 0.2344617 0.3101118 0.2171043 0.5771108 0.5819158 0.8476775 0.6057730 0.7273124 0.6310194 0.5673377 0.5550391 0.6032844 0.5316893 1.0322393 0.5306590 0.5215513 0.5720760 0.9805219 0.4498187 0.5872052 0.6029386 0.5726506 0.4634674 0.5104478 0.5235874 0.7155159 0.5769647 0.6675914 0.8186285 0.6578256 0.5256024 0.6347625 0.4706767 0.4610227 0.5814521 0.5263768 0.5356906 0.7585991 0.6803861 0.5483931 0.5137308 0.5252366 0.5065493 0.5082081 0.5075379 0.7072173 0.8222126 0.4556531 0.5436457 0.4443832 0.4471532 0.8126511 1.3915032 0.6003127 0.6991851 0.5311830 0.5424949 0.4950891 0.5330152 0.5547450 0.5035077 0.4806443 0.8973380 0.4580143 0.6875640 0.7447987 1.1490594 0.4453145 0.5435333 0.6079995 0.4937926 0.5642991 0.5577051 0.6011457 0.6092272 0.5768545 0.6328504 0.6096146 0.5894243 1.2701447 0.5860928 0.5622163 0.5384112 0.6559306 0.4928522 0.5745706 0.5255198 0.6377886 0.5691112 0.4651202 0.5160889 0.4951449 0.5489078 0.5206794 0.5935299 0.4727817 0.3999610 0.6233846 0.4821679 0.5612494 0.6925238 0.5284847 0.5377394 0.7333310 0.5639080 0.5532002 0.5838665 0.6396860 0.5492112 0.5761272 0.5860611 0.4847610 0.4948719 0.5676090 0.7821926 0.6454020 0.5548501 0.5655777 0.5627374 0.5406038 0.6465992 0.5533885 0.5770111 0.4706548 0.5213564 0.5971577 0.5974417 1.4861288 1.7924168 1.7327505 1.5711766 1.7414820 1.8580782 1.5481744 2.0553450 1.9462791 1.9128588 2.6818887 2.0195548 1.9988311 1.6511269 1.9291383 1.4865886 2.1069883 1.9424899 2.1262349 1.5118028 1.6693734 2.1359485 1.8268060 2.0183131 2.3285391 1.8417040 1.8186204 1.5666964 1.4560858 1.4543255 1.9553848 2.0241011 1.4303743 1.7700162 1.7622323 2.2532512 1.7556415 1.6493975 2.3277722 2.6762813
seq5       0.1632145 0.1084154 0.1929950 0.1870623 0.1875055 0.0000000 0.1051884 0.2160595 0.2142977 0.0731836 0.0113582 0.0764616 0.1047707 0.2043458 0.1317787 0.1392048 0.3136955 0.1475644 0.1285250 0.2728403 0.0170167 0.1124908 0.2524624 0.0199893 0.2167617 0.1677830 0.1790567 0.2609644 0.0735471 0.1089314 0.1489412 0.1056032 0.1016726 0.1086853 0.1763640 0.1837611 0.1563102 0.1048791 0.0986341 0.2254172 0.1364521 0.1490097 0.1087589 0.1409879 0.2447927 0.2033087 0.1082922 0.2214118 0.1545458 0.1395582 0.1089314 0.2474689 0.1894670 0.0527049 0.0808252 0.1208821 0.0956564 0.1170955 0.1213976 0.1618984 0.1746180 0.1653301 0.2229960 0.1848837 0.1251347 0.2569341 0.1503343 0.6582262 0.6362781 0.8793203 0.6697532 0.8258826 0.6857449 0.5589714 0.6103139 0.6838311 0.5877423 1.0486071 0.5909215 0.4590102 0.5202730 0.8904831 0.5468880 0.6638988 0.6683362 0.5922217 0.5558265 0.5895616 0.6085120 0.7366138 0.7289235 0.7370833 0.7626023 0.5542030 0.5947949 0.5661957 0.5383625 0.5282306 0.6259125 0.5687931 0.5880678 0.6776493 0.6099401 0.5008484 0.5954671 0.5307878 0.5996544 0.5569113 0.5658605 0.7377787 0.9021617 0.4983284 0.5964249 0.5021608 0.4856273 0.8128388 1.3473721 0.6452088 0.7877009 0.4699160 0.4916184 0.5613468 0.5696561 0.5942954 0.5355610 0.5905794 0.8115327 0.5565676 0.6830513 0.7780897 0.9931509 0.5156035 0.5953418 0.6431760 0.5766022 0.5929278 0.5884476 0.6573229 0.6380481 0.6206899 0.7205519 0.5731358 0.6261107 1.2247364 0.5896944 0.6239942 0.5862561 0.7271417 0.5479710 0.6207376 0.6200754 0.6379555 0.6171330 0.5370481 0.5233610 0.5826226 0.6271296 0.5228744 0.6506752 0.5270502 0.5468256 0.7017715 0.5402849 0.6252628 0.7786020 0.4573236 0.5707894 0.7646128 0.6548554 0.5761567 0.6231886 0.6964491 0.5845146 0.5128348 0.5501717 0.5475649 0.4611994 0.6432382 0.8176605 0.6531045 0.6338996 0.6098002 0.6079281 0.5821666 0.6792664 0.6074845 0.6239088 0.5386076 0.4935070 0.5952691 0.6448024 1.6100352 1.7443227 1.9165618 1.6442921 1.6827842 1.9354197 1.5308922 2.1004195 1.8500140 1.8615504 2.7498126 2.2523498 2.0092406 1.6672468 1.9406067 1.4696967 2.0850594 2.0161867 2.0093791 1.4307413 1.8131092 2.2415103 1.7993224 2.0094293 2.4582912 2.0481226 1.9080712 1.6792727 1.7754757 1.5268710 1.8891894 1.9412095 1.4559133 1.9580235 1.7447399 2.3271211 1.8402784 1.6859818 2.6002623 2.5418679
seq6       0.1455039 0.0056347 0.2010913 0.1971268 0.1975836 0.1051884 0.0000000 0.2347113 0.2216430 0.1129952 0.1129070 0.1040070 0.0527791 0.2070121 0.1540440 0.1238964 0.2829036 0.1531930 0.1220352 0.2721343 0.1223468 0.0287332 0.2545848 0.1129122 0.2032035 0.1649563 0.1586782 0.2576649 0.1080197 0.0258296 0.1655931 0.0056161 0.0198369 0.0084664 0.1872196 0.1827769 0.1689348 0.0284683 0.1254546 0.2466021 0.1506312 0.1861986 0.0499076 0.1620002 0.2697725 0.1799342 0.0112833 0.2262356 0.1440622 0.1463388 0.0257549 0.2672531 0.1703890 0.1220253 0.1201098 0.1203204 0.1254353 0.1449243 0.1289093 0.1635194 0.1691076 0.1657089 0.2286801 0.1940782 0.1455914 0.2295359 0.1467133 0.6218226 0.6314969 0.8631642 0.6301744 0.8436124 0.6677153 0.5614521 0.5873068 0.6451749 0.5625844 1.1135391 0.5599539 0.4727092 0.5090865 0.9200284 0.5077011 0.6226102 0.6354160 0.6023529 0.5405576 0.5697920 0.5787692 0.7608709 0.7014027 0.7304842 0.7412228 0.5764138 0.5757240 0.5602594 0.4940082 0.5253654 0.6367846 0.5404006 0.6071646 0.6611901 0.6279942 0.5345106 0.5610331 0.5401341 0.5548402 0.4977355 0.5626535 0.7399682 0.8928223 0.4830803 0.5724817 0.4696393 0.4801343 0.7694780 1.3646036 0.6416100 0.8019262 0.4676108 0.4887314 0.5318489 0.5689668 0.5728979 0.5245262 0.5839852 0.8516917 0.5264043 0.6825608 0.7999266 0.9787483 0.5091403 0.5576137 0.6127918 0.5321045 0.5795621 0.5919034 0.6206411 0.6275112 0.6318725 0.6974540 0.5630157 0.6073863 1.2894124 0.5911441 0.5914675 0.5314986 0.7241733 0.5170842 0.6128441 0.6009208 0.6577802 0.6019201 0.5312615 0.5254452 0.5552565 0.6301920 0.5025777 0.5942900 0.4874272 0.5187904 0.6421473 0.4765390 0.5996810 0.7968568 0.4736316 0.5358069 0.7870731 0.6218622 0.5940191 0.5974809 0.6568441 0.5961637 0.5302521 0.5686327 0.4999740 0.4826650 0.5871264 0.8067251 0.6244972 0.5977160 0.5772328 0.5810439 0.5785421 0.6688326 0.5778273 0.5856516 0.5240171 0.4927713 0.6039948 0.6377026 1.5825533 1.7221310 1.9008269 1.5526201 1.7030589 1.9686439 1.5755665 2.2057065 1.8766196 1.9735117 2.8173239 2.1321023 2.0595089 1.7303457 1.9908573 1.4587352 2.1109543 1.9825206 2.0238393 1.4302522 1.7629688 2.2282529 1.7253129 2.0112416 2.4309676 1.8921957 1.9755504 1.7089620 1.6620478 1.4989669 1.8539556 1.9480095 1.4479496 1.9386313 1.7033004 2.2965228 1.7919236 1.6880218 2.5661184 2.5401866
seq7       0.2775215 0.2394093 0.2644152 0.2654603 0.2660392 0.2160595 0.2347113 0.0000000 0.3191754 0.2196779 0.2219748 0.2196335 0.2473363 0.3131030 0.2562623 0.2854269 0.4574780 0.2734516 0.2592924 0.4578717 0.2173478 0.2472699 0.3019626 0.2179277 0.3239057 0.2436069 0.2596853 0.1613225 0.2204275 0.2427614 0.2706322 0.2358949 0.2331187 0.2354396 0.2582780 0.2568207 0.2669821 0.2402115 0.2169780 0.3699185 0.2390087 0.3288357 0.2425562 0.2720058 0.3159401 0.3075717 0.2337401 0.2446715 0.2654899 0.2371370 0.2427614 0.2875009 0.2904087 0.2348069 0.2354436 0.2335278 0.2131833 0.2297031 0.2513157 0.2475972 0.2389186 0.2589636 0.2857127 0.2755307 0.2616252 0.2967129 0.2462629 0.5512821 0.6423723 0.8626062 0.6700495 0.7489020 0.6748207 0.5174941 0.5554230 0.6215219 0.5418052 1.1381189 0.5222066 0.4488745 0.5038533 0.8526577 0.4636140 0.5986631 0.6076551 0.5765075 0.4908406 0.5323786 0.5140880 0.6705759 0.6405157 0.6687812 0.7374184 0.5531484 0.5561611 0.5558502 0.4647405 0.4708873 0.5903655 0.5327647 0.5519314 0.6666799 0.5968022 0.4899299 0.5043085 0.4830653 0.5490310 0.5635950 0.4659627 0.6675417 0.8143442 0.4718188 0.5359715 0.4440946 0.4323610 0.7568313 1.3885347 0.6319176 0.7444238 0.4732166 0.4844630 0.4755967 0.5503770 0.5553747 0.4759155 0.5157303 0.7780999 0.5021250 0.6485144 0.7076828 1.0152647 0.4472739 0.5261962 0.6217464 0.5076870 0.5717964 0.5796854 0.6474629 0.5762739 0.5718708 0.6913676 0.5524614 0.6028795 1.3837118 0.5345241 0.5236836 0.5240410 0.6845139 0.4954621 0.6047096 0.5733041 0.6387468 0.6345482 0.4489675 0.4924195 0.5137408 0.5816288 0.4803634 0.5933070 0.4629831 0.4624281 0.6234329 0.4689442 0.5590211 0.7120804 0.4479899 0.5507638 0.6991099 0.6250030 0.5595671 0.6004683 0.6328792 0.5585478 0.4841055 0.4968851 0.4483772 0.4367723 0.5812770 0.7601027 0.5827451 0.5452148 0.5944138 0.5780626 0.5125843 0.6079968 0.5569000 0.5766250 0.4952397 0.4363137 0.5632239 0.5941030 1.5290275 1.7102316 1.7851120 1.4355282 1.6568056 1.8932468 1.4969462 2.0749901 1.8063626 1.8534378 2.5128018 2.0176972 2.0048184 1.5334795 1.7290151 1.4919047 2.0011362 1.8345991 1.9067764 1.4337972 1.7347354 2.1506681 1.6858108 1.9476020 2.1481062 1.8903164 1.7682825 1.6457403 1.7616973 1.4003578 1.8027910 1.8789185 1.4252340 1.7858425 1.6020930 2.1745904 1.6631790 1.6374483 2.6684709 2.6743181
seq8       0.2588382 0.2246554 0.3198422 0.2417074 0.2397108 0.2142977 0.2216430 0.3191754 0.0000000 0.2554062 0.2242926 0.2163116 0.2329894 0.1067331 0.2262880 0.2644033 0.4506564 0.2804361 0.2499862 0.4689425 0.2412960 0.2324850 0.3770323 0.2162255 0.3206357 0.2361469 0.2244907 0.3506312 0.2197182 0.2272280 0.2726888 0.2227473 0.2300263 0.2252524 0.2545687 0.2590770 0.2512734 0.2283147 0.2208188 0.3328953 0.2283576 0.3170645 0.2457677 0.2626694 0.3515785 0.2689176 0.2277688 0.2777499 0.2444430 0.2287991 0.2280130 0.3661581 0.3007620 0.2514248 0.2165573 0.2177874 0.2256465 0.2111317 0.2095220 0.2416081 0.2662214 0.2424862 0.3450945 0.2263078 0.2821695 0.2914295 0.2408402 0.7255652 0.7227595 1.0242280 0.7026832 0.8498061 0.7862476 0.6197274 0.6713154 0.7209393 0.6508280 1.0959755 0.6095570 0.4483593 0.5004875 0.8825064 0.5847295 0.6893405 0.6487426 0.6837474 0.5582985 0.6779262 0.6751028 0.8298729 0.7406727 0.7391217 0.7488287 0.5865397 0.6695864 0.5659910 0.5161721 0.5495461 0.7063670 0.6369144 0.6318911 0.6635236 0.6525102 0.5168497 0.6684588 0.6190980 0.6853103 0.6546685 0.6001366 0.7705252 0.8800731 0.5654069 0.6657865 0.5649977 0.5631594 0.8369498 1.4169587 0.7606446 0.7606694 0.4747252 0.4975225 0.5789235 0.6105737 0.6413308 0.5684148 0.6792368 0.8157609 0.5799498 0.7171360 0.8739940 0.9804679 0.6038479 0.6282878 0.7703871 0.6392757 0.6028792 0.6814914 0.6959839 0.7052444 0.7067045 0.8093164 0.5648422 0.7378472 1.3316925 0.6782157 0.6190143 0.6593183 0.7406121 0.6147154 0.7230082 0.7028028 0.7049763 0.7148182 0.6062399 0.6068932 0.6347817 0.6982388 0.5931828 0.6915954 0.5579668 0.5183013 0.7844085 0.6082842 0.6445060 0.8392215 0.5244608 0.6371444 0.7850925 0.7211532 0.6591361 0.7275895 0.7359335 0.6808749 0.5388596 0.5801449 0.6045138 0.4756238 0.6662430 0.8684441 0.7261369 0.6499295 0.7065368 0.6866160 0.6043976 0.7525071 0.6804584 0.6874464 0.6101130 0.5268528 0.6954186 0.7318646 1.7249460 1.7562124 1.7426883 1.6739316 1.6637758 1.8472070 1.6278430 2.1951235 1.9766382 1.9499741 2.8029989 2.4512623 2.0958482 1.6234116 1.9334722 1.5786123 2.2060165 2.0336572 2.0888564 1.4616976 1.7265996 2.2532045 1.8005391 2.0764627 2.2073671 2.0138398 1.9469978 1.7144550 1.6495336 1.4774803 2.0003308 2.0358885 1.5068090 1.8437955 1.7946551 2.3205886 1.9447804 1.6403735 2.6158104 2.7025965
seq9       0.1757468 0.1162738 0.2094895 0.1555818 0.1521801 0.0731836 0.1129952 0.2196779 0.2554062 0.0000000 0.0865989 0.0965423 0.1127317 0.2335903 0.1403805 0.1398106 0.3297569 0.1616737 0.1409356 0.3542506 0.1143494 0.1233859 0.2600019 0.0835866 0.2453029 0.1436194 0.1862512 0.2870055 0.0142323 0.1201216 0.1486545 0.1169453 0.1123190 0.1129407 0.1685232 0.1818611 0.1726335 0.1155689 0.1074209 0.2213014 0.1338059 0.1165746 0.1160611 0.1407283 0.2471896 0.1992474 0.1161371 0.2402947 0.1571604 0.1326335 0.1197550 0.2576646 0.1892121 0.1173728 0.0231963 0.1091189 0.1043502 0.1200732 0.1255501 0.1439940 0.1746966 0.1663176 0.2315563 0.1821728 0.1842770 0.2308647 0.1432769 0.6237368 0.6104621 0.8706833 0.6485734 0.7925955 0.6920291 0.5556103 0.5822671 0.6196597 0.5552928 1.0736884 0.5358271 0.4651420 0.5279385 0.9278737 0.5093720 0.6433669 0.6147387 0.6057613 0.4989114 0.5679606 0.5861285 0.7382270 0.6971297 0.6972998 0.7719521 0.5712032 0.5645835 0.5823160 0.4977890 0.5018866 0.6227801 0.5510035 0.5719278 0.6875847 0.6392490 0.5103704 0.5593474 0.5423710 0.6101874 0.5345619 0.5494930 0.7119694 0.8821119 0.4728833 0.5606205 0.4711565 0.4713689 0.7422129 1.3305834 0.6215966 0.7596531 0.4875995 0.4874748 0.5383984 0.5535381 0.5922494 0.5255458 0.5554385 0.8370693 0.5070843 0.6667285 0.7976793 1.0155282 0.5053075 0.5495927 0.6063964 0.5424410 0.5991642 0.5925867 0.6278473 0.6194206 0.6186919 0.6811564 0.5928207 0.6180050 1.2397304 0.5976593 0.5990420 0.5453438 0.6746286 0.5169974 0.6191799 0.6012131 0.6342544 0.5743644 0.5320067 0.5369085 0.5511411 0.6124252 0.5286083 0.6287654 0.4931948 0.5375158 0.6426110 0.5006357 0.5604877 0.7565209 0.4817471 0.5567386 0.7398552 0.6156463 0.5679931 0.6034676 0.6381996 0.5833202 0.5116839 0.5553286 0.5251381 0.4653866 0.5955983 0.8262039 0.6334852 0.6116736 0.5668717 0.5886334 0.5489483 0.6611016 0.6062572 0.6214161 0.4955979 0.4748399 0.6008608 0.6411244 1.5103138 1.6957548 1.8946832 1.6070375 1.6607233 1.8856705 1.5081229 2.1129889 1.8436882 1.8841725 2.7327372 2.0672931 1.9752226 1.7022168 1.8967781 1.4569291 2.0247508 1.9515236 2.0496022 1.4030979 1.7718186 2.1852134 1.7061026 1.9875096 2.3364666 1.9411471 1.8869349 1.6791530 1.6220979 1.5016262 1.9085624 1.9020320 1.4236885 1.9500255 1.6903265 2.2492054 1.8916723 1.6667525 2.4955299 2.6238304
seq10      0.1722146 0.1161872 0.1992449 0.1966502 0.1971126 0.0113582 0.1129070 0.2219748 0.2242926 0.0865989 0.0000000 0.0899858 0.1124555 0.2141495 0.1400725 0.1476055 0.3275571 0.1562077 0.1409609 0.2858488 0.0141429 0.1203751 0.2638532 0.0257981 0.2306244 0.1770599 0.1938832 0.2462730 0.0870369 0.1167458 0.1576123 0.1133620 0.1093215 0.1164789 0.1856354 0.1931319 0.1651362 0.1125758 0.1125151 0.2368765 0.1447259 0.1667314 0.1165594 0.1561633 0.2456605 0.2129936 0.1122846 0.2266779 0.1632872 0.1478670 0.1167458 0.2588151 0.1989653 0.0528658 0.0945925 0.1356882 0.1095167 0.1315747 0.1368930 0.1774995 0.1845361 0.1742541 0.2339208 0.1951031 0.1406723 0.2681191 0.1588385 0.6682498 0.6555527 0.9066492 0.6890343 0.8262353 0.7040009 0.5682661 0.6199694 0.6942887 0.5970982 1.0732795 0.5925645 0.4680801 0.5372708 0.9085239 0.5558125 0.6739876 0.6884653 0.6017831 0.5652571 0.6029393 0.6347896 0.7486528 0.7387216 0.7494770 0.7704382 0.5726389 0.6042989 0.5770471 0.5479401 0.5409084 0.6294244 0.5869407 0.5976610 0.6891837 0.6200281 0.5107030 0.5971588 0.5377181 0.6147872 0.5674762 0.5750765 0.7337858 0.9146590 0.5015186 0.6003545 0.5051199 0.4756865 0.8340650 1.3495580 0.6587914 0.8142392 0.4716254 0.5009831 0.5651926 0.5788141 0.5976909 0.5371340 0.6055869 0.8313052 0.5661928 0.7103220 0.7763515 1.0236993 0.5241270 0.6050443 0.6628352 0.5949114 0.6038382 0.6069074 0.6704752 0.6481217 0.6398798 0.7321048 0.5792240 0.6450496 1.2469521 0.6215358 0.6288967 0.5968952 0.7392635 0.5602350 0.6305560 0.6235693 0.6479288 0.6358112 0.5383890 0.5274394 0.5925980 0.6369899 0.5335614 0.6699407 0.5285873 0.5652606 0.7047271 0.5491882 0.6269937 0.7577105 0.4722080 0.5889725 0.7670896 0.6657200 0.5947772 0.6420125 0.7069822 0.5939539 0.5222803 0.5454620 0.5450429 0.4815457 0.6473487 0.8339861 0.6640932 0.6333104 0.6282361 0.6176326 0.5853794 0.6819071 0.6169904 0.6336961 0.5476321 0.5027883 0.6054825 0.6408609 1.6224602 1.7450509 1.8819586 1.6189579 1.6871864 1.9675506 1.5089707 2.0857596 1.8680822 1.8541287 2.7697396 2.3015626 1.9962502 1.6669864 1.9521624 1.5045586 2.0719296 2.0258364 2.0037716 1.4353555 1.8388635 2.2768860 1.8382595 1.9760104 2.4844826 2.0627758 1.9259603 1.6878887 1.7857784 1.5386815 1.8832568 1.9760290 1.4544808 1.9582729 1.7436310 2.3659362 1.8559107 1.6518553 2.5653158 2.5410960
seq11      0.1550680 0.1012572 0.1898565 0.1801669 0.1806007 0.0764616 0.1040070 0.2196335 0.2163116 0.0965423 0.0899858 0.0000000 0.1107617 0.2050873 0.1468655 0.1523432 0.3013763 0.1449452 0.1381576 0.2900594 0.1038189 0.1122677 0.2559581 0.0815761 0.1913800 0.1548736 0.1677514 0.2455569 0.0929912 0.1084705 0.1522927 0.1014336 0.1014697 0.1015081 0.1788617 0.1822567 0.1579402 0.1046707 0.0535447 0.2302002 0.1378061 0.1791124 0.1036754 0.1443218 0.2487441 0.1932066 0.1075611 0.2049955 0.1526332 0.1409426 0.1087157 0.2674514 0.1749536 0.1064711 0.1078657 0.0783937 0.0536493 0.0748864 0.0502008 0.1639770 0.1875119 0.1685671 0.2273788 0.2025816 0.0637266 0.2220574 0.1518371 0.6112501 0.6132068 0.9068427 0.6377684 0.8100505 0.6594715 0.5436937 0.5757045 0.6781007 0.5617654 1.0742521 0.5562832 0.4722898 0.5097042 0.9251578 0.5181727 0.6108648 0.6425873 0.6070405 0.5171446 0.5700503 0.5725195 0.7342599 0.6723996 0.7149721 0.7718089 0.6015390 0.5743605 0.5806315 0.4942340 0.5150136 0.6306617 0.5460613 0.5919273 0.6833654 0.6248636 0.5527140 0.5790786 0.5467016 0.5821878 0.5226445 0.5638012 0.7409457 0.8889524 0.4711349 0.6006197 0.4809543 0.4789027 0.8007675 1.3701351 0.6443175 0.7805237 0.4800789 0.4777352 0.5303153 0.5596853 0.5855352 0.5285522 0.5636822 0.8519617 0.5287810 0.6822168 0.7697109 1.0316045 0.4945969 0.5477549 0.6369205 0.5283017 0.5905409 0.5932679 0.6325318 0.6430037 0.6167188 0.6899192 0.5761896 0.5964382 1.2670249 0.5896249 0.5849838 0.5477372 0.7010531 0.5424156 0.6211040 0.6164938 0.6456596 0.6105912 0.5223514 0.5145513 0.5596073 0.6240466 0.5127227 0.6241741 0.4936175 0.5137627 0.6801856 0.5059199 0.5845442 0.7994814 0.4776232 0.5395897 0.7991548 0.6516899 0.5802319 0.6068248 0.6685876 0.6061302 0.5224614 0.5665888 0.5184713 0.4861978 0.6560516 0.8047753 0.6436966 0.5962358 0.5995925 0.5975159 0.5846358 0.6754221 0.6003861 0.6014083 0.5384719 0.4739256 0.6137280 0.6491251 1.5820752 1.7211800 1.8485085 1.6680578 1.6220156 1.9191441 1.5908605 2.0493831 1.7961868 1.9117221 2.6358842 1.9355472 2.0033509 1.6931188 1.8761468 1.4731878 1.9524936 1.8868978 2.0310448 1.4857236 1.7743702 2.1965986 1.7159785 2.0059121 2.3730221 1.9544158 1.9448385 1.6758320 1.6667195 1.4683842 1.8277183 1.9406830 1.4438670 1.9115060 1.6763766 2.2570805 1.7317157 1.6262420 2.5565578 2.4803755
seq12      0.1617222 0.0590996 0.1943057 0.2066099 0.2070796 0.1047707 0.0527791 0.2473363 0.2329894 0.1127317 0.1124555 0.1107617 0.0000000 0.2104470 0.1667300 0.1240165 0.3133943 0.1747142 0.1294641 0.3018930 0.1223768 0.0593361 0.2587358 0.1157521 0.2062349 0.1823556 0.1775729 0.2704542 0.1081225 0.0563091 0.1787526 0.0529633 0.0497365 0.0592443 0.1946243 0.1887598 0.1819897 0.0587807 0.1423975 0.2600390 0.1645585 0.1922086 0.0199570 0.1772849 0.2844983 0.1937220 0.0528117 0.2284690 0.1566072 0.1643451 0.0561414 0.2794977 0.1798378 0.1223847 0.1202207 0.1487369 0.1390862 0.1630619 0.1447639 0.1676142 0.1815670 0.1813736 0.2446401 0.2127728 0.1613306 0.2234299 0.1681539 0.6302795 0.6360855 0.8681251 0.6367774 0.8624729 0.6637104 0.5555266 0.5791537 0.6446142 0.5495266 1.1009505 0.5606668 0.4563220 0.4856150 0.8994826 0.5210514 0.6239209 0.6442258 0.5709869 0.5458308 0.5703115 0.5755405 0.7630644 0.6846794 0.7427229 0.7157700 0.5674600 0.5673609 0.5368505 0.5010997 0.5282551 0.6203135 0.5461687 0.5819977 0.6375220 0.5944583 0.5182068 0.5579468 0.5539907 0.5596989 0.5282927 0.5557869 0.7234217 0.9043990 0.4934865 0.5728555 0.4845814 0.4923066 0.7624282 1.3664974 0.6498964 0.7884791 0.4522817 0.4749943 0.5302649 0.5481707 0.5666252 0.5227001 0.5650690 0.8105822 0.5469850 0.6795361 0.7837908 0.9647026 0.4965901 0.5629802 0.6332588 0.5327652 0.5692492 0.5953470 0.6290870 0.6331318 0.6209382 0.7043608 0.5543680 0.5988249 1.3030956 0.6039593 0.5653139 0.5534556 0.7234896 0.5484298 0.5909925 0.5797977 0.6420555 0.6116569 0.5313796 0.5444359 0.5626486 0.6213766 0.5101774 0.5895563 0.4718348 0.4997109 0.6244708 0.4885855 0.5908362 0.7908351 0.4685624 0.5265709 0.7849946 0.6144616 0.5702233 0.6015473 0.6238049 0.5815453 0.5056136 0.5490338 0.4954607 0.4718389 0.5885669 0.8241976 0.5981847 0.5761205 0.5867880 0.5801353 0.5718500 0.6681641 0.5779635 0.5790564 0.5329633 0.4759735 0.5858695 0.6334625 1.6256023 1.7765443 1.8335699 1.5910701 1.6601325 1.9471737 1.5245631 2.1247101 1.8102440 1.9488635 2.7296673 2.2124987 2.0615688 1.7059499 1.9502581 1.4720044 2.1290882 1.9921175 2.0501858 1.4300717 1.7428834 2.1841728 1.7173581 2.0327909 2.3518475 1.9606236 1.8925537 1.6917950 1.7188633 1.5222795 1.8719564 1.9574859 1.4175227 1.9969229 1.7068625 2.3738013 1.7696148 1.7398634 2.5045367 2.4414820
seq13      0.2385414 0.2082237 0.3022155 0.2308944 0.2290209 0.2043458 0.2070121 0.3131030 0.1067331 0.2335903 0.2141495 0.2050873 0.2104470 0.0000000 0.2174459 0.2463658 0.4194165 0.2641811 0.2390110 0.4201250 0.2339817 0.2096055 0.3704748 0.2049477 0.2918724 0.2320945 0.2387502 0.3504736 0.1997322 0.2045758 0.2558991 0.2042038 0.2074109 0.2087697 0.2336788 0.2562349 0.2356570 0.1976956 0.2083913 0.3134189 0.2065714 0.3085714 0.2139316 0.2472590 0.3172991 0.2727548 0.2093859 0.2655833 0.2294827 0.2069651 0.2053074 0.3696416 0.3011876 0.2456716 0.2137714 0.2242706 0.2051180 0.2001947 0.1999532 0.2227684 0.2512781 0.2216941 0.3222512 0.2123895 0.2696351 0.2848937 0.2266535 0.7194622 0.6759582 1.0175319 0.6736002 0.8184027 0.7500275 0.5991571 0.6147181 0.7099810 0.6275341 1.1009833 0.6006878 0.4498759 0.5101265 0.8958203 0.5509314 0.6809154 0.6599224 0.6320561 0.5180074 0.6186903 0.6463615 0.7889473 0.6800875 0.6963869 0.7632006 0.5821925 0.6201092 0.5548596 0.5050956 0.5202424 0.6772459 0.6102510 0.6466724 0.6805847 0.6631360 0.5283779 0.6388121 0.5940787 0.6232742 0.6279419 0.6194197 0.7437952 0.8489817 0.5226704 0.6632756 0.5332932 0.5163365 0.8155152 1.3625335 0.7199800 0.7296160 0.4644950 0.4979801 0.5615318 0.6005035 0.6118356 0.5810461 0.6379120 0.8437936 0.5569982 0.7064176 0.8687986 0.9990968 0.5873343 0.5918096 0.7046617 0.5908868 0.5808328 0.6476409 0.6731874 0.6687759 0.6711881 0.7447461 0.5475119 0.7178032 1.3981298 0.6142230 0.6405455 0.6187219 0.6956055 0.5580295 0.6816005 0.6593527 0.6666285 0.6613451 0.6053029 0.5652318 0.6098878 0.6561370 0.5699978 0.6641422 0.5397388 0.5101784 0.7489943 0.5964122 0.6251324 0.8088540 0.5035633 0.6042833 0.8052454 0.6936545 0.6452720 0.6667316 0.6796902 0.6519937 0.5240933 0.5482967 0.5662863 0.4656934 0.6326859 0.9017482 0.7062500 0.6804515 0.6503573 0.6512167 0.5871609 0.6985089 0.6432008 0.6390195 0.5970687 0.5128580 0.6643604 0.6943191 1.6825812 1.8288594 1.7797697 1.6328664 1.7152279 1.9220702 1.5076994 2.1336130 1.9821386 1.8768399 2.8187680 2.4177803 2.0268422 1.6201328 1.8914117 1.5424350 2.1708256 1.9949092 2.1909916 1.4554123 1.7892970 2.2642825 1.7904370 2.0815592 2.1128057 2.0177694 1.9331157 1.7878771 1.6485396 1.5153686 1.9876577 2.0599419 1.4886482 1.8588253 1.8179199 2.2330750 1.9645382 1.6800674 2.5600908 2.6307211
seq14      0.1837532 0.1574829 0.2451676 0.2090418 0.2123926 0.1317787 0.1540440 0.2562623 0.2262880 0.1403805 0.1400725 0.1468655 0.1667300 0.2174459 0.0000000 0.1783857 0.3357789 0.1063501 0.1693408 0.2978990 0.1499094 0.1740339 0.2896034 0.1361148 0.2425233 0.1970961 0.2064358 0.2679180 0.1434994 0.1706515 0.1091125 0.1547068 0.1652806 0.1578780 0.2145844 0.2220668 0.0531228 0.1715631 0.1610935 0.1802880 0.1244305 0.2222260 0.1703371 0.1053310 0.3027647 0.1632491 0.1613604 0.2555885 0.1081457 0.1311481 0.1700990 0.3068605 0.2194941 0.1419089 0.1520139 0.1646955 0.1652185 0.1820472 0.1852178 0.1961050 0.2036197 0.1567429 0.2464989 0.1595390 0.2031364 0.2877429 0.1347566 0.6595539 0.6338371 0.9823847 0.6825254 0.8032783 0.6888671 0.5436413 0.5941946 0.6680014 0.5640648 1.0767707 0.5669925 0.4880665 0.5437982 0.9054255 0.5192915 0.6598089 0.6463056 0.6127363 0.5164182 0.5707943 0.5936710 0.7093690 0.7472967 0.7028433 0.7807419 0.6036892 0.5930572 0.6150987 0.5435909 0.5670013 0.6375271 0.5570829 0.6003116 0.7332009 0.6600378 0.5545367 0.5719343 0.5748457 0.5787519 0.5513756 0.5303078 0.7496566 0.8411228 0.5183769 0.6146837 0.4786664 0.4851675 0.7933779 1.3049110 0.6318825 0.7277723 0.5023601 0.5200239 0.5716129 0.5580496 0.5760250 0.5483456 0.5672890 0.8601115 0.5616051 0.6531165 0.7621492 1.0848835 0.5231358 0.5619902 0.6458628 0.5432403 0.5994362 0.6135285 0.6615990 0.6350230 0.6553297 0.7038695 0.6073293 0.6264573 1.2792348 0.6381907 0.6219365 0.5689902 0.6853530 0.5290555 0.6374105 0.5917925 0.6138725 0.5804981 0.5444980 0.5544810 0.5729359 0.6447324 0.5493133 0.6454373 0.4981883 0.5590630 0.6613076 0.5401945 0.6018620 0.7693139 0.5001966 0.5868032 0.7129285 0.6780856 0.6132772 0.6275417 0.7058380 0.6202893 0.5516293 0.5804507 0.5499463 0.5221159 0.6819538 0.8643665 0.6381752 0.6440230 0.5912509 0.6285162 0.5776476 0.7102709 0.6372939 0.6187661 0.5489927 0.5078227 0.6062921 0.6208876 1.5801447 1.7109602 1.8388323 1.5558972 1.6618798 1.8128850 1.5337868 2.1017570 1.8997460 1.8708185 2.7088522 2.1560711 1.9718735 1.6851686 1.8710048 1.4583289 1.9556298 1.9806321 2.0151180 1.4274382 1.7799282 2.2587195 1.7605838 1.9429076 2.3181275 1.9143267 1.8492956 1.7505797 1.8391879 1.4486672 1.8151509 1.9523794 1.3531325 1.9061278 1.6137152 2.3196415 1.8934021 1.6883777 2.4219550 2.5499528
seq15      0.1995546 0.1238090 0.2481726 0.2132113 0.2159620 0.1392048 0.1238964 0.2854269 0.2644033 0.1398106 0.1476055 0.1523432 0.1240165 0.2463658 0.1783857 0.0000000 0.3460733 0.1950680 0.1770621 0.3361375 0.1614391 0.1416705 0.2878952 0.1478906 0.2352921 0.2031471 0.2070740 0.2903799 0.1347219 0.1384197 0.1906675 0.1233307 0.1303927 0.1241143 0.2243280 0.2227076 0.2028284 0.1336538 0.1783751 0.2689640 0.1670042 0.2141015 0.1349539 0.1871112 0.2726375 0.2094957 0.1275831 0.2579517 0.1681719 0.1667877 0.1379864 0.3074263 0.1885013 0.1606797 0.1478123 0.2003285 0.1752256 0.2008282 0.1884047 0.2224760 0.2076742 0.1845690 0.2749157 0.2014540 0.2062448 0.2719554 0.1663623 0.6173987 0.6347750 0.8789085 0.6758225 0.8165044 0.6797322 0.5507238 0.5744782 0.6454456 0.5635670 1.1431992 0.5759460 0.4729339 0.5002601 0.8787825 0.5078794 0.6188228 0.6262657 0.5621782 0.5013455 0.6079288 0.6080148 0.7188310 0.7242064 0.7169248 0.7269262 0.5837256 0.5692719 0.5603887 0.5201858 0.5263157 0.6067871 0.5917152 0.5774091 0.6754819 0.6235571 0.5528672 0.5625925 0.5635720 0.5768926 0.5542227 0.5337151 0.7230619 0.8835963 0.4988180 0.5821422 0.4702082 0.5061532 0.7382347 1.2724717 0.6522014 0.7822603 0.4857036 0.4976876 0.5470184 0.5348032 0.5593853 0.5350767 0.6146091 0.8379706 0.5298049 0.7035278 0.7937737 0.9954464 0.4979824 0.5497303 0.6397835 0.5794777 0.5825709 0.5928548 0.6448865 0.5883144 0.6193534 0.6992086 0.5695205 0.5931553 1.2835691 0.5818371 0.6307199 0.5626949 0.7010227 0.5251130 0.6044564 0.5752914 0.6204511 0.6223048 0.5541689 0.5273619 0.5647373 0.6124834 0.5525783 0.6138823 0.4772267 0.5319224 0.6409595 0.5114799 0.6090500 0.7961788 0.4884530 0.5618878 0.7596160 0.6066427 0.5736497 0.5879937 0.6367728 0.5983400 0.4907385 0.5294154 0.5449858 0.4898177 0.5815971 0.8555151 0.6011336 0.6508781 0.5747058 0.5849618 0.5563547 0.6795115 0.5876875 0.5861145 0.5273580 0.5053876 0.5658489 0.5970854 1.5758154 1.6246072 1.8066810 1.5213538 1.5787600 1.9128343 1.5493055 2.1712638 1.9527975 1.8588613 2.6787164 2.1969533 1.9124689 1.6487569 1.9194688 1.3837330 1.9584042 1.8944173 1.9976634 1.3671560 1.7584818 2.1490198 1.7732159 1.9654228 2.2405150 1.9212900 1.8640691 1.6653326 1.5818683 1.4924148 1.8366446 1.8799143 1.3809875 2.0029148 1.6528868 2.3622816 1.8565301 1.6753186 2.4018997 2.4881721
seq16      0.1168075 0.2898093 0.3939171 0.4098402 0.4128552 0.3136955 0.2829036 0.4574780 0.4506564 0.3297569 0.3275571 0.3013763 0.3133943 0.4194165 0.3357789 0.3460733 0.0000000 0.3340325 0.3570620 0.5877269 0.3325699 0.2934307 0.4663293 0.3227660 0.4654599 0.3891974 0.3369124 0.4783971 0.3198531 0.2894900 0.3602531 0.2808038 0.2878525 0.2886867 0.3963601 0.3782507 0.3504458 0.2908641 0.2994126 0.4082901 0.3109548 0.2720137 0.3019602 0.3543168 0.4575278 0.3888267 0.2923912 0.4110489 0.3359930 0.3213540 0.2884140 0.4536841 0.3830354 0.3303645 0.3351678 0.3477091 0.3053161 0.3453135 0.2662044 0.3584001 0.3036259 0.3456681 0.4191109 0.2806075 0.2899088 0.4660231 0.3116295 0.7903396 0.7965704 1.2675134 0.7920835 1.0407450 0.8320082 0.7328511 0.7387426 0.8517474 0.7119767 1.3224974 0.7468043 0.6493559 0.5642074 1.0183042 0.6801368 0.8281615 0.8342666 0.7646537 0.6990881 0.7295924 0.7370873 0.8760297 0.7610434 0.8227868 0.9403875 0.6379354 0.7663819 0.6254804 0.6887292 0.7370858 0.7936278 0.6876315 0.8007230 0.7477354 0.8302806 0.7489318 0.7443010 0.7418445 0.6507953 0.7138100 0.7364619 0.8956130 0.9207863 0.6828203 0.7568617 0.6355077 0.6143403 0.8318876 1.5280383 0.7805371 0.9293970 0.6448323 0.6433687 0.7005283 0.7596030 0.7877945 0.7200203 0.7432775 0.9856377 0.7002217 0.8273071 1.0279574 1.1242716 0.6867604 0.7665238 0.7635976 0.7236266 0.7605020 0.7407553 0.7769480 0.7677570 0.7915857 0.8431736 0.7532877 0.7473818 1.4590388 0.9288098 0.7900337 0.6182561 0.8222083 0.6955540 0.7203376 0.7750129 0.7527089 0.7297619 0.7037730 0.7247947 0.7447845 0.8367602 0.7175249 0.7935863 0.6894726 0.6090056 0.8579009 0.6669354 0.7831403 1.0485468 0.6613812 0.7280054 0.8235286 0.8424821 0.7520983 0.7699415 0.8264448 0.7489424 0.6942274 0.7211868 0.7037653 0.6993090 0.8585054 0.9620625 0.7714962 0.8050373 0.7340284 0.7714828 0.7125505 0.8843309 0.7447433 0.7877243 0.7388808 0.6742949 0.7833833 0.8082008 1.8449616 1.9549517 2.0515034 1.8869621 1.9646981 2.1550306 1.7551119 2.5792335 2.1627993 2.0872122 2.9561779 1.9883087 2.1903646 1.8958710 2.2737933 1.6755211 2.3481665 2.1655893 2.2168904 1.6842463 2.0108831 2.6294604 1.9204452 2.1791604 2.5579428 2.1955464 2.3041267 1.8404058 1.7134028 1.5989239 2.1254861 2.3471992 1.6747754 1.9024537 2.0170629 2.6786979 1.9185544 1.8469840 2.9921134 2.8788866
